,14D.AX,1ST.AX,3PL.AX,4DS.AX,5GN.AX,88E.AX,8CO.AX,8IH.AX,8EC.AX,8VI.AX,9SP.AX,ACB.AX,A2B.AX,ABP.AX,ABL.AX,AEG.AX,ABT.AX,ACS.AX,ACQ.AX,ACF.AX,ACR.AX,ACW.AX,ACU.AX,AD1.AX,ADA.AX,ADH.AX,1AD.AX,ADD.AX,ABC.AX,ADR.AX,AHZ.AX,ADY.AX,ADT.AX,ADJ.AX,ABV.AX,ADX.AX,AER.AX,AEI.AX,AFL.AX,AEB.AX,AFR.AX,A1G.AX,AFT.AX,AFP.AX,AGL.AX,AGJ.AX,AGR.AX,AHL.AX,A1M.AX,AGI.AX,A40.AX,AHQ.AX,AGS.AX,AGE.AX,A4N.AX,1AG.AX,AGH.AX,3DA.AX,ABR.AX,ADN.AX,AAR.AX,AGG.AX,ADO.AX,AGX1.AX,AHX.AX,ADI.AX,ADV.AX,AGY.AX,AHK.AX,AAJ.AX,AHY.AX,AFA.AX,AHN.AX,AIA.AX,ACP.AX,AD8.AX,AEE.AX,ABW.AX,A3D.AX,AC8.AX,AGD.AX,AAC.AX,AAP.AX,ABX.AX,AHF.AX,AEF.AX,AFG.AX,AFI.AX,AGM.AX,ABA.AX,AEV.AX,A200.AX,AGVT.AX,AAA.AX,ACDC.AX,4CE.AX,360.AX,1AL.AX,3DP.AX,A2M.AX
14D.AX,45.42734646633798,5.1740640298432075,-1.326353978072211,3.4284460921471895,1.0918374020442971,23.608789551159745,-5.375409184265597,14.32286837711891,-4.011038343306668,-8.59498447946434,6.967441350131685,4.140357120233266,0.6755019987661381,2.0065376707927736,,-0.022317517354216596,,0.0,2.660084235663681,1.4664622217531298,2.971418681847212,-18.662946578323268,-9.845759736275566,1.1908029446218844,7.424362331462571,0.7573480018711541,13.878215237381742,-10.73310835595503,-1.2130041410530141,2.092912849839111,,-18.45319041079939,7.777037961290853,,-2.113385362869363,16.79867751296328,1.7809657519298576,4.316684314076726,-3.8084339164279526,0.0,4.145327687639351,7.2857631311991895,,-1.019646359772581,-0.020726305037157458,0.0,14.827803374977316,0.0,2.1819261034546034,-6.353489117617053,0.0,3.462270844851071,-0.6002244482122849,50.74119655489963,-6.185274505374435,1.7911973742727132,-2.1838487678200096,11.898113350374583,1.4899932663758335,5.898696646689944,7.292786420018744,-1.3252724282858,-2.2415107381643633,0.6748493411885731,-0.6929953566580338,-0.22316758372215395,-7.343728877328147,-2.170837418515434,,0.0,1.3477542632223682,3.637368345830683,,0.1437867333010834,17.666197942255714,0.19066754779105644,,,7.897126172896451,5.157231392171578,4.6818975941081025,1.5541642543584515,86.447839369666,9.78110382519742,1.9904679449823472,-3.1865371998835124,-0.3834971253614647,-0.7013235074524801,0.26538622386934596,1.2660300823288921,16.242774804337053,0.35263922151036714,-0.12872863202637794,0.011125537327426374,0.5928293339660834,19.145556026360993,-0.6129953412332396,,-12.111868642582849,2.0229504672107623
1ST.AX,5.1740640298432075,43.39873089873091,-0.4682182021599698,-1.313501313501314,13.636918986451008,41.38931558286401,21.08269087307208,-1.122546452986781,1.2779564261075103,-2.4042286805168738,0.08093758093758081,-17.579642579642584,-2.866152470870181,1.833933017739288,,-0.9423800858487457,,0.0,0.9928155659607151,4.084056494459904,-2.8593225993896856,-0.32375032375032303,-3.9740756523973335,-24.99444999445003,6.450978237811991,1.830638590474112,-0.37665487840313044,-39.109039109039074,-0.7387627455029887,-0.7705257705257793,,-3.399378399378401,4.608736085635677,,-13.22520072520074,9.018759018759031,-0.2231915110702985,-0.8075702893216182,-0.492018433617788,0.0,-0.16187516187516196,3.2362789715730917,,1.4544758933454662,-0.6621406264669661,0.0,-1.1493136493136493,0.0,-1.449502831813973,-3.5167545423664577,0.0,0.46288587955254656,3.4369686882158517,12.077294685990363,-6.068932083751978,0.0647500647500651,-1.4416128388394651,-2.037162357224047,3.0747123162416257,-2.0651372024629358,2.646556473134946,-0.1659988869798156,1.046740426111048,-0.09960148648062862,-3.8701280818655133,1.0880729150331436,-0.9874384874384876,-0.5827505827505829,,0.0,-2.2770272354814525,6.377881377881385,,-0.8659985206468794,-1.6187516187516202,0.39897378557766244,,,4.150205854751305,-6.173775842893497,-2.5917898930128374,0.7903477679729383,-2.670940170940172,5.018816761240977,-0.4220316720316717,-0.5803478796224105,0.519609901072632,-0.1423296248430115,1.2430764427551435,0.8297682898093303,-0.9712509712509714,0.13663653539077028,0.10841822642592025,0.02283575980690116,-0.49142395201397193,-1.456876456876457,0.11991012262500739,,-19.604992829115268,-1.2055746634719418
3PL.AX,-1.326353978072211,-0.4682182021599698,4.973876337515326,-3.0667593148117454,-0.2303562704147807,0.15278407819740006,0.7001583153324239,1.2223402914852077,-3.731228172162982,1.6154382969689975,1.0025724174350317,-3.2297293436225,1.0505316305353265,-1.0692346545464737,,-0.05019232869429273,,0.0,-0.5213127625335333,0.7826732214004392,-2.143330995686458,-0.046369433522847274,5.45651323899783,1.1206007616238831,-0.6994029874891571,0.6388453241627274,-3.934137810546474,9.33636896630851,-1.0684219307468557,-0.4342707963845258,,18.93184096416833,-0.09342246973824805,,2.070177874816109,-5.257297990158736,0.04049007157106208,0.4314351417502825,0.618379662105455,0.0,0.8106697756296528,-0.8317279821401744,,-0.062217830695701616,-0.17904006144776535,0.0,-2.217318721563916,0.0,0.4552481786415026,-0.5204177013281521,0.0,4.073347047427395,0.3648529038111136,-2.6256783882209085,0.5670287649986085,0.7585433719080387,0.1327361779544318,-0.9326204859357771,-1.1960197496081606,6.90650045780243,-0.9655855175362057,0.6525526564588833,-2.116680249953618,-0.676396722961569,0.7842451886133811,0.21605246147813126,-2.8219282108824375,0.3327842974466119,,0.0,-0.6185259749089306,-0.004636943352284723,,-0.030937185023883363,18.564916347106596,1.5946682107704186,,,3.230676900473627,-0.6374006830134221,1.552404216198446,-0.7513556825667197,-28.388651162352218,1.6222916177470463,2.38984898925161,0.2392456989545732,-1.1687117689393915,0.05223512169597566,0.1810054883600764,0.6112316478062954,-9.205765962485215,-0.04528914248906657,0.014637408860531727,0.0017568030936281015,0.39648394540157084,-8.127214487051912,0.5117526035704596,,1.71824123515587,-1.0232400850639873
4DS.AX,3.4284460921471895,-1.313501313501314,-3.0667593148117454,81.07935715078581,-1.4404767057138679,3.462316826372131,13.387047173652707,34.252376374036984,-0.25126443382297653,-9.985572545306985,-15.121915121915153,9.046509046509046,-1.7620228716323156,0.16827960144172538,,0.1738314821880043,,0.0,1.5860669368494493,0.7863430411963558,-0.08924015631962393,-12.039812039812064,-16.271482984769698,-3.815232386660962,6.125625634736377,2.2862271710166,7.241528959810691,-31.747511747511723,0.8985986005704731,-10.310430310430311,,-39.42168942168943,5.199344960618668,,4.384504384504384,73.35257335257337,-0.15708197526379095,6.2675824095184955,-2.709537457605303,0.0,4.602804602804606,5.534978754516563,,-1.6871557272415427,0.5656281425717231,0.0,3.0472305472305585,0.0,-1.1561320986369557,-0.9379707828354682,0.0,10.018878828402636,-1.9485422452477401,-160.7430411778238,-4.711816678437449,-0.6445406445406475,11.3633947557805,11.65677590523992,6.46164409333658,15.703607372302637,-2.386334507320445,-0.4471317119947726,18.23991119695415,0.35177655455791834,-1.7702076051302589,0.87997846725369,-38.18662818662824,-1.769341769341768,,0.0,-0.21458430897809302,-0.10508010508010508,,0.22725626153476677,19.471269471269466,-2.117784118618076,,,-5.7115467505077895,-4.337773062724579,-2.961190475439143,6.747800562612147,79.2429792429793,-7.658850689153715,-3.8161573875859536,-1.1502973974613877,1.4995001086416857,-0.7859751477054692,0.21665273814713917,1.3358467106082539,75.4800754800756,0.5684612476549831,0.2711116821764276,-0.01710257587327129,0.14070179787370343,12.365412365412368,-1.4786137723100032,,10.252062401844444,1.7407881290207614
5GN.AX,1.0918374020442971,13.636918986451008,-0.2303562704147807,-1.4404767057138679,18.864384057948705,11.787779956998605,18.046681044394177,1.991532123473328,1.8698231477909952,0.32134605167529545,1.522847498445035,-8.986854902589869,-1.8844556053078851,1.7143013988041849,,0.8304795924770362,,0.0,1.0056714652487653,1.9636070039049136,-0.5377439598189778,3.93342257832616,0.4739106781961535,-5.513573591241306,5.554290021941988,2.5572172111869733,1.402432588545215,-3.110687514364464,1.505727638415254,-5.593264417649614,,15.029228156381185,2.5556575351962825,,0.8317950979134103,22.054130645645756,-0.46463640850948257,3.296510152291228,-0.8952805496795045,0.0,1.8284164829417136,-1.8625556501274165,,2.484497434575157,0.14145662557411687,0.0,-1.540414261634671,0.0,0.8811592007704391,-3.6903827491407353,0.0,-1.711404851756938,3.254725288672014,23.236486011666912,1.8096030420005236,1.3818371452666944,-1.3637592328254091,0.3336134288153431,6.7080047853826885,0.8687496782342998,5.02507931019062,2.3834112062471187,-3.099568098534793,0.18889206998474736,-1.859437032122441,0.5452410634451278,5.033124154010794,-2.6986811419709853,,0.0,1.274556085244172,-0.233800668115849,,0.3069786123027311,-5.582983703146853,-0.08205501776136147,,,3.2583483568693135,-1.9391067847593615,3.618457551139832,0.17728176537451348,-10.282679721865302,4.039635983471089,-0.23730651961666632,0.540190343924169,3.1403937732951173,-0.1400619010684998,2.18347265204917,1.8315522843231389,-11.14637877817653,1.1501260490752694,0.22320472942157668,-0.005973901787730838,0.737751972864526,-4.662400198758894,2.3521367267271835,,-1.270264907811898,1.1542484823978767
88E.AX,23.608789551159745,41.38931558286401,0.15278407819740006,3.462316826372131,11.787779956998605,158.73015873015865,22.467488887928067,16.266272390751027,-3.368622468817947,6.007418263873599,-0.21334698754053472,1.2800819252432163,-0.7610797109909594,5.509542044551826,,-3.5113448136733534,,0.0,1.8560859220701273,5.345176641256124,0.41408910920212755,-0.42669397508107143,0.04676156749889443,-31.709457976738957,10.625083014518452,3.9738279622985586,0.9695672138068472,-75.86618876941455,3.17098628463318,40.663935825226254,,8.960573476702509,15.954034878778387,,1.0667349377026825,-146.19883040935673,0.5883204807935973,8.738535463343265,1.2000135720436964,0.0,0.4266939750810721,0.0684861758323393,,1.513160229149272,-1.3893446553505064,0.0,3.0295272230756125,0.0,-8.196576584919475,-0.561763172457705,0.0,-0.6156584497598321,-7.643069132832242,-190.47619047619057,-6.077680160189419,-0.17067759003242933,0.7951878349789983,16.6624502139912,6.646670289683068,5.443587464556673,-0.3860135629311897,-6.597116744818699,1.7467384978905742,0.2576016091908684,0.6111358793457708,2.408987458294824,2.6028332479945337,1.5360983102918582,,0.0,2.7295666365924216,26.967059225123634,,0.20500571110046903,4.266939750810715,0.31278343739776227,,,18.24615476689214,-11.15903350587545,-12.07824933032524,0.3742052863450487,7.040450588837691,0.05559951796510881,1.1124521493185078,1.9336052471664533,3.4660471148067726,0.36817190158410307,-0.04330439024441927,0.662983004648497,2.560163850486434,2.7907848168845537,-0.030519156613703906,0.09658388947096318,1.1858244795207709,3.8402457757296515,4.187728796838855,,-63.5060292637765,3.158102417760085
8CO.AX,-5.375409184265597,21.08269087307208,0.7001583153324239,13.387047173652707,18.046681044394177,22.467488887928067,87.41398043894738,1.4731636002331345,36.49238320947345,-1.1035927315352705,13.839017380941153,-12.984546000794456,1.579298752312736,-0.14810587527085187,,0.33456741853562055,,0.0,-2.1798946500867222,3.4098974498210053,-7.160411947175543,8.960169792474744,-3.344404182453435,-4.442828935248277,7.449110297523514,7.688119811728452,-0.3807432026324172,12.387351540649211,4.635101478704543,13.376519055594876,,-51.327540133587014,6.492470236773864,,-5.772398482017297,-55.18936931274588,-0.7995014757154799,5.289569636196092,-8.145068986443066,0.0,2.1707489330552683,0.3235769865449312,,4.142913493802791,0.528288343069133,0.0,-5.335601072094977,0.0,4.814458167215941,-1.1723234670605187,0.0,2.1160640146515366,4.935698321111263,-2.131523870654289,-3.4199114398382755,4.470293457678628,8.941883325722573,11.750025013850982,11.185017013191498,12.111805087408342,-2.511611558293734,6.104949793043389,3.071014177071905,0.14452606373283913,-5.74667286210302,3.721596259085255,-40.15682798368252,1.3058204193539467,,0.0,-0.492202918187942,3.1396067228372107,,2.284812108947525,-16.850734748033528,6.248096266012714,,,2.4986974238691677,5.136843645175361,0.7983845739492084,-0.9037420154426734,-37.97890667234561,16.116232832765707,-2.1089694786708506,4.77686914211406,8.187852585517833,0.28374263361446506,-0.027900777972177243,6.408850036983853,-1.8370965460640827,2.2139004341632873,-0.15520053726462285,0.003978061534838666,2.958711937716764,8.835092874582811,4.655746353390429,,3.6372794808523823,-0.028541777419104367
8IH.AX,14.32286837711891,-1.122546452986781,1.2223402914852077,34.252376374036984,1.991532123473328,16.266272390751027,1.4731636002331345,195.885343053394,-25.419048354769195,13.537688068441332,-18.68269461660655,6.566855382996669,-0.26001334824157135,-0.4791037143331253,,-0.9774316400695764,,0.0,0.2950893846735743,3.743871605845253,-0.22480289099199308,-6.644256754762885,-19.885501539020634,14.834543499767614,7.347430924592762,-3.280319241305253,-11.005930093900174,-34.06052075747966,2.261603845098568,-8.624172129913042,,6.09507183759172,-1.8593432798367873,,4.446901299123487,132.15004692277427,1.4189200953088155,5.514509543883279,-7.358696327168598,0.0,-0.3635484957246273,-6.105147677970202,,1.1966298989542934,-0.10877256386501445,0.0,3.2564603034348893,0.0,-2.1153938731101296,-4.51002470720187,0.0,4.501970134953098,6.1113114554924195,-66.59563645699058,-2.302438472156708,5.273624526494994,-2.4127582630832287,9.317619098861314,-6.047029062883185,13.762014755305396,8.107015043394783,-0.03620892438494192,10.794440594839005,0.4863720196978616,0.17390919673173924,-3.498997994179619,-17.200348306622676,-3.994977270811344,,0.0,-2.1809645283038157,2.0640424376072093,,3.3994697994351624,39.005925390760886,-9.703268421120422,,,5.319992456977785,3.1762189073258154,-2.4640083363310463,5.90994338059707,158.10981506013064,-9.076234026159092,15.768153467507451,-4.9358185397803505,1.8752210918752446,-1.354932873555695,-3.8499744438198467,-0.2555247486354042,84.89957687575087,0.2560965414032468,-0.1427357004115489,-0.013787071824018223,0.0780290658834147,37.655085234730805,-0.5341949525951976,,0.04577211591487446,1.637658961907756
8EC.AX,-4.011038343306668,1.2779564261075103,-3.731228172162982,-0.25126443382297653,1.8698231477909952,-3.368622468817947,36.49238320947345,-25.419048354769195,281.9282385931393,10.795817197838945,57.52709356868428,-73.68012750234621,-6.747936924712471,1.4221867650004387,,2.10255017503359,,0.0,-2.3305898044664928,4.589584146117826,-3.981944114173962,1.0223651408860106,16.804491221502865,-14.165152181983489,7.776496772305919,5.94750585953155,-15.663652244120115,31.989455596235015,-0.19324147795914226,12.206860293293056,,11.57605047585936,-8.768439053179826,,-34.209935311784214,0.0,-10.865204485135365,-9.324627318854454,-7.6025051312616565,0.0,0.5111825704430036,-13.534929025826523,,5.33037582378253,0.43707955835039863,0.0,25.237741582256973,0.0,13.766034262268738,3.6732501909818653,0.0,-1.461738731195352,-4.344191839218653,-95.54770340673286,1.2359680857915905,-0.2044730281772015,10.382074551735828,36.770389242534264,-7.65186661815827,5.746757917336593,9.926877651377104,4.025343534704228,4.258021657188633,1.5662483925695265,5.409667892502453,2.6946294140049676,3.1182136797023237,-0.931745518407958,,0.0,-0.9904432243807887,0.10223651408860084,,2.3515364860222765,-70.10184950924518,1.6071437234058359,,,10.60629424683135,10.748875205027806,18.859139729334377,-2.9376985786314846,8.434512412309562,-10.852217608703027,-4.439110577293086,-2.8284314371961625,9.782616154305364,3.8995512410895596,4.669745289291792,9.03811859251461,3.067095422658024,3.2750715115468494,0.1492996733927832,0.0330299181019837,-1.7955823754110631,4.600643133987033,3.9438039327699634,,-10.019928126648427,5.716518043348356
8VI.AX,-8.59498447946434,-2.4042286805168738,1.6154382969689975,-9.985572545306985,0.32134605167529545,6.007418263873599,-1.1035927315352705,13.537688068441332,10.795817197838945,79.66010936313278,-8.966822108892782,-11.06059665417544,-2.647165941746701,-1.1527010475677324,,-1.6836154837228943,,0.0,-1.4289645957107984,-2.6254868367239044,-0.45203263971327823,16.23375811066515,-0.8970803157366062,4.312565988713032,6.590545950182364,0.7403695682843069,-0.12491146766298465,2.4160493910874905,0.20073246673489725,0.39623564991987015,,7.036260551863391,-13.461017880109338,,33.54458691202161,49.448666709359514,-5.697614345724276,5.7942378938609345,4.880639761643486,0.0,2.2305067755176653,-15.52355559509466,,1.7216344138333441,-1.02094271004637,0.0,-1.5967166432519075,0.0,-0.3244482913986945,-3.7337583816784394,0.0,-4.4421201124096426,3.685858668676392,-149.67392566356727,6.715119227142067,3.8959247105860557,-0.6516086798918999,9.417152422210826,1.879903365594493,-9.448889627835879,1.6600680289429361,-0.805366462832054,1.3126528116795013,1.1089297923297712,2.2535450665480923,-0.5035670073899217,-6.838793066051452,3.065996042095544,,0.0,3.0147202721370165,0.31699548829275026,,-1.4514370100723049,-6.764765919920085,-1.089154212864958,,,-1.0509056282752465,-4.945768482242526,-2.3994267913297014,0.3529981808580975,33.355972646885235,-1.8352600524222917,-4.155419504446381,-0.14652683691392274,-0.28524376088380854,3.1160052036526666,-0.3144761846292945,1.0136088232387195,22.928954509364722,-0.007579932148027236,0.236000293864479,-0.0007967338857769129,1.0382686900380806,11.122306337749245,-2.0606142004458814,,-4.9416773279266915,-1.5832705796114646
9SP.AX,6.967441350131685,0.08093758093758081,1.0025724174350317,-15.121915121915153,1.522847498445035,-0.21334698754053472,13.839017380941153,-18.68269461660655,57.52709356868428,-8.966822108892782,63.01800051800045,0.09712509712509693,0.4290067430083849,-1.215301509125487,,0.9736815922944143,,0.0,0.05186971256045019,0.060367078286387536,-0.6427103789074905,12.885262885262874,3.2109887004991804,-7.284382284382284,6.5380798142149965,4.867385677225934,-0.09116919081953996,19.78761978761979,-1.8556404573824783,9.64128464128463,,-24.961149961149953,5.040113885349404,,-12.739575239575258,-27.05627705627706,1.8964901540659227,-2.082784992070761,-3.05935809172788,0.0,0.03237503237503226,1.8993397669868248,,-0.6937017174345185,1.1274737085846054,0.0,13.050375550375556,0.0,1.8049764848385152,2.4864593988988624,0.0,-0.09257717591050878,-4.113967164216596,48.30917874396137,3.626575132236906,-0.012950012950012977,6.909265727172582,12.73926743136326,-1.8577945905582827,8.85828588575104,-1.908042642398592,1.748486689539668,-0.23376810964223071,1.140253299070925,3.0931797737625617,4.6249903925222,-12.623025123025116,10.372960372960407,,0.0,1.2828995826355951,0.006475006475006455,,0.2404905584419328,0.3237503237503236,4.647408230439321,,,3.8708135299044466,3.0235219573454755,14.091626339201262,-1.9930283793274342,0.5341880341880333,-5.805628154112994,0.08440633440633404,5.074506742014548,5.144633838742328,0.6907626855449903,2.10627913951413,3.6188591617652337,-38.26728826728831,1.4120720737799444,-0.2327389998286575,0.01796111132681674,1.2629478325799575,0.2913752913752906,4.784802480187217,,2.6791351361639006,1.831117522165964
ACB.AX,4.140357120233266,-17.579642579642584,-3.2297293436225,9.046509046509046,-8.986854902589869,1.2800819252432163,-12.984546000794456,6.566855382996669,-73.68012750234621,-11.06059665417544,0.09712509712509693,166.08391608391605,4.022593572587913,-0.05027527930455988,,-0.019688437616849342,,0.0,1.1238005479352227,-3.2899120150749606,2.5067346081278075,-0.38850038850038876,-12.855675792738744,8.297258297258276,-3.5142706002132105,9.052081604312805,-0.4519858540837563,-3.3411033411033855,0.5485297532885554,10.101010101010058,,-55.36130536130536,11.12668515499334,,-0.48562548562548696,-404.0404040404041,13.718184172729613,8.92770211676471,-2.7849755344069402,0.0,16.899766899766895,0.03738091973386112,,2.2646322662975393,-0.51775957640674,0.0,-33.613608613608605,0.0,-8.72818492946628,4.035054023831904,0.0,-1.1539386539386514,-15.220214565776798,-24.154589371980663,1.751009186801786,0.07770007770007767,6.414985334537344,13.339970414643695,-3.1538217597266827,-2.115975232778487,-2.6116780197838434,4.657532743327675,27.623609878854644,-1.3546971483053452,2.5286299451332694,3.2087641798264084,-1.1849261849261858,-0.699300699300702,,0.0,1.7708750938808846,-0.038850038850038834,,-4.252925018527484,-14.763014763014743,-2.9512086863536524,,,-6.558214512759964,3.409539806598614,0.7046356354757675,0.9585389929888029,-3.2051282051282186,-5.259471168562054,-0.506438006438006,3.616731279024783,1.8758935097331377,-3.2618961963489053,-1.1945109548965072,-3.0383141116728103,-1.165501165501168,1.0464944252328714,0.8677908903366406,0.015128985177983455,6.552503431762565,-1.7482517482517488,1.7038542074723857,,6.134999353853849,5.681137378327074
A2B.AX,0.6755019987661381,-2.866152470870181,1.0505316305353265,-1.7620228716323156,-1.8844556053078851,-0.7610797109909594,1.579298752312736,-0.26001334824157135,-6.747936924712471,-2.647165941746701,0.4290067430083849,4.022593572587913,10.248594108862173,-0.5247079364419445,,-0.6984306282539036,,0.0,-0.14156370376063562,-1.1210255838060343,-0.3930725064026616,-1.9414270111486145,1.6843456944163917,4.435653666264618,-0.6989456192741625,1.2024530540007676,3.0209809588246412,6.084385478180094,0.9006091156142353,9.124766304028116,,-6.105111786989569,0.9756378048437131,,-3.9769673368648193,-1.7814893006880854,-0.06559216435971478,0.036111478276781524,-0.7259740586303738,0.0,0.5745165809522546,0.6179023651513857,,-1.3360284817667467,1.2057822127069135,0.0,8.504674198409623,0.0,1.0472714525698912,1.453508774139998,0.0,0.5507936404702918,-1.7546081437862475,-33.18315571868344,3.605852130018082,0.6117057852914237,2.239201912864363,-1.4306736865975282,-1.1729536499786921,3.8182960365821117,-0.877878808031255,-1.439539559980606,-4.681360558344012,0.0905431358702714,0.05214107704331972,0.9460620440387189,1.5873539147898936,1.3907592229113532,,0.0,-0.11401019539010854,3.6788729104106896,,0.26579648740900835,2.963744360363439,1.923103696260804,,,3.5533557977056853,1.4343433473807794,1.7223617291262545,-1.1451734467397596,6.5343041569881715,1.4106945516089537,0.9686012926013481,2.851340155938912,-0.31282877894978145,0.21606989349122735,-1.0586441292472695,-1.0064332917225078,-11.704752896202335,0.8342856647394095,-0.15551549263611777,-0.010031597629284858,0.7475368866087218,2.0907167117035024,3.266689856214883,,5.551880805946162,-0.18758527618898
ABP.AX,2.0065376707927736,1.833933017739288,-1.0692346545464737,0.16827960144172538,1.7143013988041849,5.509542044551826,-0.14810587527085187,-0.4791037143331253,1.4221867650004387,-1.1527010475677324,-1.215301509125487,-0.05027527930455988,-0.5247079364419445,2.8392686840764965,,0.027501142854258757,,0.0,0.237236505054314,1.0894995898966011,-0.01307730976678817,0.03354026658906988,-0.5223272186808486,-3.134565915237525,0.8538064830777835,0.049842438499537046,-0.1923502528476562,-7.437854204273165,1.6784936619253228,1.2222925389688875,,-5.194532489888093,1.388425026378347,,-0.7787211669016076,14.179749746298818,0.5807295679097049,0.47007217353804037,-0.022215320653987805,0.0,1.131601292479346,-0.7657602149152252,,0.7421783490766403,0.9225414641591122,0.0,1.6372329693902898,0.0,-0.29274016031821104,-0.23827905808152397,0.0,-1.728767264183923,-0.3579799319406223,4.2876761712825715,0.3397570863066057,-0.3071238809044393,-0.6858278168062663,-0.05393242992094123,-0.21484238078038886,0.6195827945595973,2.522949035918834,0.1679371740958363,-2.6713298377924284,0.21368555580041507,0.07099125644464627,-0.14388324098332042,-0.3118534983426048,-1.2439108864188841,,0.0,1.169195216483776,0.48764539404973295,,0.33119576489551295,-5.120850526995806,-1.058703822730452,,,1.7977285915632242,-0.2605160914414341,-0.6242849286597172,0.6030523957332883,2.1642524262465916,-0.16191271859751438,2.0854043916347687,0.09487442248973448,1.7045080023105001,0.21530478355942803,0.07720911042285539,0.5221016638661394,-1.3893778526545086,0.8518590731141837,0.01089374697341685,0.003782681359577668,0.005962256108531223,-1.314287546721812,-0.4353010890845878,,0.7359386866272664,1.1869014844999002
ABL.AX,,,,,,,,,,,,,,,,,,,,,,,,,,,,,,,,,,,,,,,,,,,,,,,,,,,,,,,,,,,,,,,,,,,,,,,,,,,,,,,,,,,,,,,,,,,,,,,,,,,,
AEG.AX,-0.022317517354216596,-0.9423800858487457,-0.05019232869429273,0.1738314821880043,0.8304795924770362,-3.5113448136733534,0.33456741853562055,-0.9774316400695764,2.10255017503359,-1.6836154837228943,0.9736815922944143,-0.019688437616849342,-0.6984306282539036,0.027501142854258757,,3.088617141590274,,0.0,-0.5041701276587661,-0.9026279622920846,0.33869466138474486,-1.0300937810964415,0.30789545374681326,1.479531951920965,1.1514779893551468,0.46637331175686925,-1.438627902449451,8.88000657578036,-0.5082586434588978,-3.918059178868451,,1.1488841176416416,-0.08756715136239629,,-0.7489481602964496,18.937434635960756,-0.6835708836488844,0.5531321068234083,-1.128557398359882,0.0,-1.1727382237681674,-0.5354016265010278,,-0.461050155688998,0.14653172722137725,0.0,-1.009093637420625,0.0,-0.41945459091309206,-0.267764357680417,0.0,0.40112709448375383,1.041176261816623,0.066983137258157,-0.4504376866123617,-0.4111190235428635,-1.4995956152052003,0.8510577658658791,-0.8450515064335027,1.0349622491281394,-0.15664945885549666,-0.7181411397889343,0.48253084168668975,0.02102277278774068,-0.533836840396608,0.28939534688097807,4.410134437743251,-0.7110748984566196,,0.0,-0.6523264451949528,-2.942552930518975,,0.616430499786542,-0.05497504288638739,-0.9306178923801478,,,0.4747320658185804,1.2333771410425352,1.2839306017398624,-0.4715036641162909,3.923124602322307,0.5800667713223856,-1.096737573333405,0.0009642324726093646,0.3449830557084618,-0.03722428459895105,1.7674199036901854,0.4848826275986884,5.144195155563788,-0.2256941662829453,0.08334376761069803,-0.006892613271309349,-0.3903674960478498,0.32545070480063243,-0.5070193579960987,,0.337129430479359,-0.5502435356498808
ABT.AX,,,,,,,,,,,,,,,,,,,,,,,,,,,,,,,,,,,,,,,,,,,,,,,,,,,,,,,,,,,,,,,,,,,,,,,,,,,,,,,,,,,,,,,,,,,,,,,,,,,,
ACS.AX,0.0,0.0,0.0,0.0,0.0,0.0,0.0,0.0,0.0,0.0,0.0,0.0,0.0,0.0,,0.0,,0.0,0.0,0.0,0.0,0.0,0.0,0.0,0.0,0.0,0.0,0.0,0.0,0.0,,0.0,0.0,,0.0,0.0,0.0,0.0,0.0,0.0,0.0,0.0,,0.0,0.0,0.0,0.0,0.0,0.0,0.0,0.0,0.0,0.0,0.0,0.0,0.0,0.0,0.0,0.0,0.0,0.0,0.0,0.0,0.0,0.0,0.0,0.0,0.0,,0.0,0.0,0.0,,0.0,0.0,0.0,,,0.0,0.0,0.0,0.0,0.0,0.0,0.0,0.0,0.0,0.0,0.0,0.0,0.0,0.0,0.0,0.0,0.0,0.0,0.0,,0.0,0.0
ACQ.AX,2.660084235663681,0.9928155659607151,-0.5213127625335333,1.5860669368494493,1.0056714652487653,1.8560859220701273,-2.1798946500867222,0.2950893846735743,-2.3305898044664928,-1.4289645957107984,0.05186971256045019,1.1238005479352227,-0.14156370376063562,0.237236505054314,,-0.5041701276587661,,0.0,3.0619296084134358,1.2572929887223172,0.6484086733129015,-4.411699997571404,-0.08493847706517366,-1.5675035068488945,0.4237199932618739,0.7778541792619064,3.3766210631551297,-5.148454132790679,0.2737111873923819,-1.0951214620766563,,-0.6227319222614572,0.8681147448078491,,-1.8571595141584805,9.490977600856313,-0.3310027067857238,1.1942605919467548,0.11533742533835159,0.0,0.4477012184478121,0.4464032476905,,0.25079354470227505,0.5669769882581663,0.0,0.717275753116688,0.0,0.5649826730866436,-0.25417080993657293,0.0,0.31178161873615956,0.9370344802025661,-1.1538753054117123,1.0271075023390694,-0.02892345230377251,0.7573215825164173,2.227893490067691,-0.2279508734042263,-2.3353126379140123,0.18116380444034919,0.5279858848368513,-0.8236391822186361,0.03489548047053156,-0.09696470862913907,0.479491266444794,7.829951150523486,-0.5343410424119294,,0.0,0.11179444624066781,0.4574752160870076,,-0.1723923833490628,-3.56460502722082,0.22092566991139673,,,0.6370836160723672,-0.4740108477857218,1.7378269724630844,0.34706009896751344,-1.0476547654070105,0.30559625393357986,-0.0316467779264582,-0.029274868030528346,1.3170385803484665,-0.10051608301702694,0.3067105649275166,-0.10925961973261063,-6.612143620107307,0.5602789333696867,-0.06901332317330061,-0.0038028009360496166,0.36846468136438765,-4.932088207933828,-0.07332566775302693,,-0.6670291338612587,0.27583951123624906
ACF.AX,1.4664622217531298,4.084056494459904,0.7826732214004392,0.7863430411963558,1.9636070039049136,5.345176641256124,3.4098974498210053,3.743871605845253,4.589584146117826,-2.6254868367239044,0.060367078286387536,-3.2899120150749606,-1.1210255838060343,1.0894995898966011,,-0.9026279622920846,,0.0,1.2572929887223172,12.258837905710935,-1.6442539114187193,-6.751274822952102,2.4995144532311713,-5.094854541308736,1.8148380074297255,0.1761963744465304,0.881529052074414,-10.327024049900187,0.18267998975109628,0.7861101750863172,,1.2670906940458133,-1.221703712295508,,-7.683117772714365,-46.21221285397954,-1.4576060239539455,1.4075949903695752,-2.5067956448288164,0.0,-0.05968409552273292,-0.5508487211888116,,0.3777091786406222,1.6067461322324086,0.0,0.4813598043490856,0.0,-1.2350266299458172,-0.09509402448988077,0.0,2.8436444131810483,3.0961066302917843,7.482890559347757,1.2434351926891816,-1.2235276091921514,3.513138459511769,0.2335655686112706,-1.1149369367132043,9.474783968052444,6.175900415121576,0.5621589612478014,1.3530487299464138,-0.33298290752332144,3.484665197186732,0.42801201272505757,-7.889080507696165,2.8160932282506135,,0.0,0.9411341868363738,0.7650639578962286,,0.3468011411185338,3.92804592260071,0.40887018560992694,,,5.366860712377871,1.688429344450957,0.46367367130165604,1.03416974518736,3.1732165818790663,1.3108940049553424,3.727549655121623,-0.7270555823674542,3.2551883778704522,0.24802505510330425,-2.2710652216751854,0.5685494269255575,1.7786475636157404,1.4689460203271665,0.04419360033816772,0.011409863966385858,0.32636356487456897,-2.7960091185568396,0.6690041858078419,,0.3424423885720117,0.86798822690228
ACR.AX,2.971418681847212,-2.8593225993896856,-2.143330995686458,-0.08924015631962393,-0.5377439598189778,0.41408910920212755,-7.160411947175543,-0.22480289099199308,-3.981944114173962,-0.45203263971327823,-0.6427103789074905,2.5067346081278075,-0.3930725064026616,-0.01307730976678817,,0.33869466138474486,,0.0,0.6484086733129015,-1.6442539114187193,16.892603024021643,-4.551665606877166,-1.3760132040458535,8.7172280477234,1.4558265434212945,0.8798360044096629,2.212626107057586,8.916501550660472,0.8897028710872682,10.649344253575405,,24.79754579212786,2.8651125498987895,,-3.247422058696555,26.63000341018913,-0.13337408252112745,3.2560335220679133,0.9740700281200986,0.0,4.743585400190146,-0.6163923674774747,,0.547226485000611,-0.46262587335104954,0.0,-2.9967694796126203,0.0,-0.4372129048041879,1.469722790822081,0.0,-3.2372837804769223,2.9152815813793014,-39.933593574729755,6.8230247570064115,-0.46036360535845255,-2.2064693150871384,4.4957432828962265,1.1469141040470323,0.9141591243180642,-4.065000466618794,0.7527687924766372,7.11659665409249,0.18960151200136025,0.013244814391694951,-0.42047803795731065,12.639111571645124,2.7584630138809705,,0.0,0.40695659897184744,-0.012821381500432034,,0.501747963154222,-0.6410690750216016,-1.0589043910587583,,,1.888620752520984,2.5443526637168383,0.1663312961509939,0.34176114967905014,2.712975091071063,-4.250992428334736,-13.531995980073901,-0.5852014311041731,0.9871669123170007,-0.21347073763022203,0.6295497202162859,-0.7219995165949064,-0.3846414450129611,0.2811937108369585,0.11567633602519367,0.011130677027070877,0.9149563040490977,-9.626735923175557,2.4326703052111194,,0.6712479584655189,-1.0475728507870787
ACW.AX,-18.662946578323268,-0.32375032375032303,-0.046369433522847274,-12.039812039812064,3.93342257832616,-0.42669397508107143,8.960169792474744,-6.644256754762885,1.0223651408860106,16.23375811066515,12.885262885262874,-0.38850038850038876,-1.9414270111486145,0.03354026658906988,,-1.0300937810964415,,0.0,-4.411699997571404,-6.751274822952102,-4.551665606877166,110.85211085211091,-0.023441981483939903,-0.16650016650016602,-3.7856406969333043,1.9915161238679728,5.948836193591456,74.69567469567465,-1.2318655928752218,-0.10360010360010409,,-54.00155400155394,1.0419380654263197,,-0.3237503237503241,54.11255411255413,-0.17855320885623863,-4.330932798622197,6.643515853454764,0.0,-0.12950012950012943,-13.549740020328235,,2.5130230293549847,-4.619942345489202,0.0,-0.9194509194509191,0.0,0.4497191215753344,2.160859126485923,0.0,-9.24507591174257,-6.744698891527246,169.08212560386468,5.951949066130606,0.05180005180005158,0.686408491704113,-1.1315966838028069,9.364551599954142,2.0108939010333184,0.025741910534104878,-2.3435141095154566,1.2181227216192425,-0.07968118918450273,0.8745471835068042,0.5240690457306653,-34.97798497798501,-0.4662004662004661,,0.0,2.5343089928849887,-0.025900025900025898,,-3.9233453518546972,-1.295001295001292,-14.000665798466475,,,-0.0986387350023714,-5.134380869674984,-1.2268084524022114,-2.472501621170722,-2.1367521367521385,-0.08751069357129948,-0.33762533762533786,7.429022954547666,0.35614939029279674,1.140877939531788,-1.8995933121773954,0.033394962923499714,-0.7770007770007791,-1.7585104911246292,-0.5538199195055746,-0.04110698785531593,-2.0700134872303924,-1.1655011655011644,-0.8174179854101952,,-5.33208614544848,1.1310343376405705
ACU.AX,-9.845759736275566,-3.9740756523973335,5.45651323899783,-16.271482984769698,0.4739106781961535,0.04676156749889443,-3.344404182453435,-19.885501539020634,16.804491221502865,-0.8970803157366062,3.2109887004991804,-12.855675792738744,1.6843456944163917,-0.5223272186808486,,0.30789545374681326,,0.0,-0.08493847706517366,2.4995144532311713,-1.3760132040458535,-0.023441981483939903,56.40676825602041,-8.29909351387873,-5.828437601243073,1.073837142508286,-12.953522951235028,7.633939487086341,-4.1216931013115135,-0.6715351470596387,,60.59686234511409,-1.5919528409377972,,-22.6178250653775,-24.380381523238665,-4.4339651777668285,-1.8124783266011855,-1.6812418656347847,0.0,-9.450999660789885,0.16789873234898758,,-1.7713520057998786,0.24419577438262574,0.0,-5.1522525648399675,0.0,1.790142603750162,1.9708409749237614,0.0,-7.415871766521124,-6.54218606931696,98.21096777618524,13.829001042673442,-4.803003911395515,-3.0004550927487252,5.377117317571942,5.013585044713651,12.735578279294046,-8.034777236438407,-0.06614989821079653,-0.14639031243057438,-0.2580511694663357,7.331703838575968,0.14411551211143792,8.97842639101381,0.03012527488050508,,0.0,-0.8041922355071096,-2.369208103473841,,1.5578314514841878,-11.411471201681016,-1.194592091680355,,,9.35690229725738,-6.324622802070683,-2.8975333744447624,-2.910442045511966,-109.75050590435208,4.322527558382609,-1.9722063927858202,0.6904146054994084,1.4835054548796152,0.5917679367021328,2.470845044197847,-1.4098420022553804,-32.614704642676685,-0.06378425567995705,0.30222481550409674,-0.0030375410004537997,-1.9377245256608082,-38.56702737821619,4.038246138107404,,-1.397721591129921,1.263171154731031
AD1.AX,1.1908029446218844,-24.99444999445003,1.1206007616238831,-3.815232386660962,-5.513573591241306,-31.709457976738957,-4.442828935248277,14.834543499767614,-14.165152181983489,4.312565988713032,-7.284382284382284,8.297258297258276,4.435653666264618,-3.134565915237525,,1.479531951920965,,0.0,-1.5675035068488945,-5.094854541308736,8.7172280477234,-0.16650016650016602,-8.29909351387873,70.61684347398635,-4.1565057546466315,7.228743717250831,6.035618006147462,37.456987456987505,3.281040830883777,5.061605061605072,,-32.51748251748254,1.8227180117032324,,4.920079920079918,-66.37806637806636,-2.55678664769574,7.3793710533952135,2.4097069757021883,0.0,-0.08325008325008323,-5.317523279708162,,-0.9642362688906153,-1.0774675639228302,0.0,9.299034299034295,0.0,8.797581467386129,6.776821157404751,0.0,0.23805559519845249,-2.0726338564645097,-78.67494824016568,19.75173520886597,4.3068043068043,-4.072645267622744,-10.79654075766359,-0.17191243298268,9.884675000863526,-4.349570546144874,-0.658732829247878,-1.1954980861074753,-0.637118557586024,0.1646568725700599,-0.2285412949763205,-4.781329781329776,-0.2997002997002999,,0.0,-0.5611281937114267,-5.144855144855142,,0.5245944562538828,-0.8325008325008314,5.550184306775698,,,-3.624664176612228,8.438381179977812,14.794136843084505,-2.429673023446096,-1.3736263736263707,0.8539440357622239,-9.008253651110792,4.027575738305728,-3.6339143401492855,-0.8176817757911018,-1.0653481055133391,0.5562921460599963,-0.4995004995004995,-0.27235083850641895,-0.522443028828045,-0.01546111205403391,2.4585751013445014,-0.7492507492507501,-0.12228101027233092,,19.243324449790492,-4.767227767781902
ADA.AX,7.424362331462571,6.450978237811991,-0.6994029874891571,6.125625634736377,5.554290021941988,10.625083014518452,7.449110297523514,7.347430924592762,7.776496772305919,6.590545950182364,6.5380798142149965,-3.5142706002132105,-0.6989456192741625,0.8538064830777835,,1.1514779893551468,,0.0,0.4237199932618739,1.8148380074297255,1.4558265434212945,-3.7856406969333043,-5.828437601243073,-4.1565057546466315,11.220211582757802,1.6672545559375591,2.502427126508134,-2.610552182256341,0.08136100830872693,0.7213140838419548,,3.4542239338414547,0.6634237138275407,,5.338004736833459,21.96067540804112,-1.5851492856354825,2.5482956895432665,-1.1939157456134837,0.0,1.8811289426898785,-0.45943600180111344,,1.401012819021427,0.3916960275500231,0.0,6.41368722174296,0.0,0.254151882737951,-3.34642950333333,0.0,0.7461575831130415,4.343923373552494,-26.386313009877266,-0.08175994367491952,-1.8594127133012999,-0.7274189120400162,5.490872313199206,2.4467754465272393,0.7969101399215781,2.064454427878061,0.07086963774471396,1.0428602297451375,0.6211821996094832,-1.0197249835557036,1.150873202023811,4.247183077957178,-0.49227123507577175,,0.0,0.7470084773585348,0.35958771931957584,,0.6597602005152814,13.467872218807315,-1.4551989844313786,,,2.233404281444406,-2.3601028004115188,1.2046616932868008,0.9406212905230428,59.04218914657415,-1.5259722328253507,-2.729193846902708,-0.1093362107812629,2.6915528108079863,0.4932492132016809,1.6005435675235682,2.0523477054398827,16.73585218214092,1.1341715945812043,0.1433770105529082,-0.0005876643135548313,0.8948909577864882,13.185187508466768,0.8476473033343552,,0.4784255695672498,0.19135315663801636
ADH.AX,0.7573480018711541,1.830638590474112,0.6388453241627274,2.2862271710166,2.5572172111869733,3.9738279622985586,7.688119811728452,-3.280319241305253,5.94750585953155,0.7403695682843069,4.867385677225934,9.052081604312805,1.2024530540007676,0.049842438499537046,,0.46637331175686925,,0.0,0.7778541792619064,0.1761963744465304,0.8798360044096629,1.9915161238679728,1.073837142508286,7.228743717250831,1.6672545559375591,12.64110715876945,1.4726599155424385,2.2751926048784386,0.2893238426568735,3.209423381864977,,-12.668132011516123,3.138058696620605,,-6.4067696751708265,-39.348309075582065,-0.21800724659921097,5.6391224970273655,-3.751715256763562,0.0,5.947049425012575,-2.6604116818368047,,0.5305574287616592,-0.5829710236760975,0.0,-0.10663676181720892,0.0,0.1828313357818404,0.40803443376602344,0.0,3.387174937419008,-1.0289806212605108,-44.0719993350937,7.848911637968271,-1.2032347208357563,0.9527098358323667,3.038839997765115,2.307052217803015,7.174667065123486,0.3321092011061733,2.8388842371699985,9.28172895414732,-0.8756020934335969,-1.03629469142507,1.8728309740584075,4.9107354276924555,0.2815151585105408,,0.0,0.09856999920504585,0.21382195172928065,,-0.8752206178918845,-4.108255908705716,0.9509333716766634,,,-0.08680346567476978,0.8465504824785924,5.691377061130903,-0.10187724744476843,-9.434036927182355,0.8920309278151098,-2.2339810146247654,1.2427631935445256,1.834930086989236,-0.2101851213732015,0.022785003230058512,0.14410250216719547,-10.778019603559894,0.9017554416173751,0.2219018094942784,-0.0022641599370086937,1.2610436068038418,-8.845406604098644,3.7812181391026245,,5.0603389013290165,0.6722336504167823
